
Here are the three different tree traverasl outputs:

Pre-Order:
83
25
17
10
5
7
12
14
19
22
21
20
36
31
30
27
29
35
33
78
51
42
39
41
49
44
46
50
68
55
52
57
63
59
60
67
72
69
71
73
77
75
80
81
129
85
84
92
89
88
90
91
125
109
100
98
95
94
97
105
104
114
123
126
181
173
165
144
135
143
140
136
159
147
145
148
152
149
151
156
154
158
160
163
168
172
171
180
176
179
184
196
186
185
191
189
190
195
192
199

In-Order:
5
7
10
12
14
17
19
20
21
22
25
27
29
30
31
33
35
36
39
41
42
44
46
49
50
51
52
55
57
59
60
63
67
68
69
71
72
73
75
77
78
80
81
83
84
85
88
89
90
91
92
94
95
97
98
100
104
105
109
114
123
125
126
129
135
136
140
143
144
145
147
148
149
151
152
154
156
158
159
160
163
165
168
171
172
173
176
179
180
181
184
185
186
189
190
191
192
195
196
199

Post-Order:
7
5
14
12
10
20
21
22
19
17
29
27
30
33
35
31
41
39
46
44
50
49
42
52
60
59
67
63
57
55
71
69
75
77
73
72
68
51
81
80
78
36
25
84
88
91
90
89
94
97
95
98
104
105
100
123
114
109
126
125
92
85
136
140
143
135
145
151
149
154
158
156
152
148
147
163
160
159
144
171
172
168
165
179
176
180
173
185
190
189
192
195
191
186
199
196
184
181
129
83

The tree height is: 12

